4.76553	-5.3957	2.20462
4.34581	-3.20813	-1.24366
6.27003	4.87823	0.0515555
-3.49179	-2.51702	-3.7992
-0.221746	-6.10214	-5.21132
-0.165016	1.22334	-5.14003
5.03998	-0.610042	4.43588
0.255861	-3.46189	-1.58672
-4.54666	5.80968	-0.613492
-4.09282	4.91042	1.45141
5.73761	-3.32696	-0.125918
3.28135	1.76113	1.12406
5.19369	-4.58461	-4.45198
-3.87778	5.67168	-1.95087
-1.7458	3.83945	-1.86002
2.80029	-3.61483	-1.29694
4.80386	5.58965	5.29565
1.14553	3.92799	-2.6117
1.67258	3.02759	-5.33245
-2.35105	2.15824	-1.86922
-0.917075	-2.48674	-3.56576
-1.05775	5.45434	-2.06625
1.05238	1.22794	5.81926
3.65929	-5.75984	-3.30588
-3.89695	0.798248	-5.00664
5.82807	-0.370088	-0.189931
-4.58691	2.90685	3.82565
-0.803231	-2.54194	2.8827
2.61247	-4.1553	5.26844
-6.09026	-0.0768542	-4.95604
-2.82559	-3.11652	4.14802
3.7762	1.64384	1.96505
-3.00919	-0.157733	-4.66549
-1.08765	0.991821	0.0297067
5.41525	4.95412	1.05813
-3.43429	5.73876	0.0944865
5.7518	5.10745	-1.32645
5.2784	1.94934	3.42816
-5.82386	-5.17069	6.17842
3.29745	4.22046	-1.82361
1.38357	2.52699	-0.549478
3.01609	0.408036	-2.10189
0.969206	-6.23247	-1.16853
-4.4171	-0.535679	4.22889
-1.27739	2.5703	3.76854
1.59171	-6.18571	-6.01475
5.0304	4.50565	5.25656
-6.03046	4.31399	-1.72893
4.84948	-2.25369	2.12451
5.97105	5.72841	-3.83638
-5.51261	-2.93253	2.49287
6.16156	5.42598	-3.84673
-1.25976	5.05608	-0.69782
3.86858	-2.28588	2.6485
-0.102536	5.10055	2.15901
3.34459	2.39359	0.755317
-2.40893	-5.84801	5.33437
-5.56589	-1.49281	-3.6018
3.48029	-2.56954	-2.63317
5.64983	5.28952	-0.467833
-3.32044	3.04714	0.485082
-5.6069	-2.88883	1.49779
3.90845	5.65213	2.39129
2.39436	5.14846	-2.20424
2.96205	-4.13575	-6.03238
1.62429	-5.69966	-3.50482
-4.7387	2.59943	-6.05691
4.23349	0.997954	-4.49453
-0.483165	3.12725	0.948123
2.92027	-2.18277	-2.47754
1.83549	-0.0396728	-3.77927
3.09544	-2.52699	-2.55574
-1.77263	-1.4035	-5.25426
5.90972	4.05487	2.29777
2.78687	-1.96352	5.55247
-1.13441	-6.17804	2.22187
5.25656	2.90838	-2.08924
6.04656	2.72631	-5.20634
1.33412	4.70842	-3.202
-5.69392	3.94371	-2.80566
-6.09831	6.18954	4.83798
-5.7541	-2.9379	3.11652
-2.86085	-4.74713	-3.78809
4.12617	2.65923	5.21554
-1.72778	-1.0681	0.0822205
3.99354	0.677505	-4.11083
3.55426	4.95297	-1.79256
4.81115	1.1417	-3.21503
-4.67047	4.75633	3.68344
2.06433	3.65201	-0.942374
-6.05385	0.0626716	-0.395004
-3.26793	-4.01616	2.39896
2.73474	2.41583	5.72765
-1.51888	-5.43211	4.88359
-5.83881	-4.61182	4.17101
4.65591	-5.17031	0.0170574
-2.75774	-5.08522	-2.21229
4.00887	5.92582	4.8008
4.36612	1.25209	-5.29642
-0.22098	1.20916	0.382354
5.73071	0.0542387	1.1486
-2.71021	5.91662	-5.76866
5.01047	4.33584	1.79678
-3.54813	-1.78144	5.57815
-1.28007	-5.80661	-1.99227
-5.35583	5.90589	4.70535
-6.07723	4.7732	2.76886
5.26997	2.09538	-0.196064
1.27241	-1.97272	4.69309
-4.72643	5.63412	-1.17734
-4.7364	-0.0143742	5.98332
-4.78508	-0.7603	-0.562894
0.887177	-2.9563	4.68159
-4.62562	-5.22704	-2.58985
-0.0833705	0.432568	3.79422
-1.30269	1.0129	-5.20864
4.47766	-1.50009	5.57317
-5.3773	-2.91145	-1.9179
4.12578	5.44975	-1.37092
-2.79339	4.75288	-0.948507
-0.104453	5.50609	0.616558
0.130135	-0.963839	4.32051
5.47658	-0.772566	-1.0359
-2.2487	-5.15114	-0.890243
-1.76343	-3.46994	-1.54571
1.57752	0.257011	0.605059
-2.5772	-4.41825	1.29655
0.591643	-1.60052	-1.3391
0.319491	4.92039	2.16207
-2.0145	2.6669	4.30632
-2.69143	3.17172	5.60039
4.68235	2.73168	-1.47594
0.772566	-2.6117	0.774866
-0.411486	-0.230946	4.75748
-1.64422	2.61055	5.00089
2.54194	0.510381	4.0725
-1.28161	-2.2648	5.0925
-2.65271	-3.59068	-4.4309
6.17344	-4.4677	-2.84284
-2.09078	-5.16264	5.20902
2.89075	4.04759	2.55497
-0.587043	-5.00242	-1.46905
0.0201239	3.53855	-4.22774
-2.08618	3.97898	6.21752
0.173066	-5.08253	1.14323
1.47288	3.53778	-3.71947
4.49031	1.71781	1.79064
0.560978	-1.3874	0.687471
0.996804	-0.0392895	-0.584743
2.85434	1.48553	-1.3552
-1.18041	3.7969	0.629974
4.61221	-0.372771	-6.04503
4.9867	2.65961	2.39283
-1.88379	-5.85567	-3.44924
0.196448	-5.26882	-4.74867
-0.133201	5.60422	5.9446
0.286526	2.49134	-4.23311
5.75793	3.69417	3.29821
-1.9547	3.14527	3.24072
2.60557	3.14105	6.13012
3.24187	4.37034	-1.86117
0.987605	1.957	-0.115569
0.291892	-3.11959	2.59522
6.27655	5.45894	2.3844
0.664855	-1.40848	3.28901
2.57069	-2.75199	-3.26601
-5.81044	-5.45779	5.5908
0.111352	-4.34427	-3.2066
2.32268	0.76145	-5.01967
4.86059	4.0863	3.41014
-5.20443	0.932791	-5.78438
1.10911	-3.62633	5.08177
3.07397	1.3713	-2.98083
5.03653	-4.93036	5.6115
-3.77314	-4.00964	-2.97048
0.872228	4.07174	3.44464
-0.510381	-5.0189	1.95355
5.04995	3.30473	4.79773
-1.20571	-0.39807	3.2549
-1.18348	-2.88193	-0.557145
-1.44681	1.47748	4.89241
-0.341723	-2.60135	6.22749
2.50399	2.3039	-6.04081
-1.87996	-5.46201	2.82904
-0.0159075	-1.84162	-1.60665
5.89937	-1.14668	-1.81441
1.85657	-2.23644	-0.344023
-2.22915	-2.17856	5.03538
2.82904	1.6837	4.1691
-5.34932	1.06695	-3.40861
-1.957	-5.0281	-0.542962
-4.76668	6.15044	-5.59962
5.3014	5.11588	-2.42963
5.7196	-3.49945	-3.20008
0.660639	-5.15613	-1.84737
-4.57426	0.255094	2.8275
-1.72816	-3.47185	1.55529
5.66248	-2.2188	-5.2922
-2.62742	-2.44803	-4.13307
2.83939	-2.66613	-2.57873
-3.2457	3.05404	5.13428
-4.14418	-4.95067	-5.65903
1.79141	0.174982	-1.73545
5.04803	-3.11729	2.16092
-3.25336	-2.51664	-4.42937
5.38918	-0.905576	0.748034
-5.27035	0.747268	-4.51983
-0.188015	-4.76017	-0.599309
2.25062	0.647223	-2.0352
-0.993738	-0.46515	3.30166
-5.29489	5.96147	-5.05723
-1.34524	1.72011	-3.75167
-2.72746	3.17594	-2.99041
0.357822	0.151217	-1.52769
-2.52929	-4.1783	-1.41193
-3.68344	-4.48916	-5.9814
-4.92844	2.18622	-1.19881
-3.93183	-1.68753	-5.62569
-4.65169	5.77633	-2.93062
2.24755	-5.15498	-5.39416
1.76956	2.57299	-5.55324
-3.76279	-4.76247	-4.09397
4.53325	3.3009	-2.93637
-2.0559	1.77608	-4.49875
1.47211	2.13141	-4.56928
5.27917	4.516	0.710853
-2.8574	-4.21088	3.56116
4.20935	-5.92122	-5.74835
0.980322	-1.415	2.96051
2.40318	-5.09365	4.77857
5.30715	-3.51823	-1.64805
-3.46189	3.91611	4.32741
2.59943	0.0780041	5.89784
-0.360505	-1.39545	-2.33188
5.18296	-3.59835	-0.113269
3.43697	2.63585	2.71788
5.91739	1.83204	-4.90237
0.388104	-5.57087	-3.58148
-1.08305	-3.92301	-5.48731
0.268894	-4.4217	-0.378521
-5.0097	-1.54839	0.83313
1.75615	-1.9179	-2.35335
2.92103	-6.18571	0.114035
-3.75972	-3.97706	-0.171149
-0.757234	-5.4164	2.97546
1.82783	-5.9423	-2.62397
-3.76624	-3.1353	1.91139
2.47907	5.82386	-4.07825
-3.88468	-4.5114	-3.07781
4.40637	3.1836	-4.22123
2.06586	2.48367	-3.67348
2.49402	-1.56756	1.53421
-5.02274	3.02836	2.15019
-5.06912	-4.26109	-1.78489
4.61527	2.66996	-4.27988
2.33878	-5.82041	1.0336
-5.02925	-1.3667	-5.06337
5.71615	-5.62799	5.10706
-0.151983	-2.73398	3.80993
5.43633	-2.57988	-0.292659
5.58007	1.55222	4.29482
5.56436	1.3966	2.03711
-4.62217	-6.16309	2.99195
1.95202	-1.53306	0.575544
-1.55606	-4.45888	0.978788
-4.33047	-5.79013	5.40911
-5.62454	4.1392	1.04778
6.07876	-1.68485	3.99507
4.31552	0.707403	-5.55056
-3.37717	0.223663	-0.787515
4.71992	3.03143	2.61822
5.03002	-4.68504	-5.66632
-2.39244	-4.26838	5.33628
-5.57432	5.19369	-5.92122
-4.71685	-2.19696	3.16904
3.82948	4.84334	-2.67993
-4.04529	4.87248	1.72088
-4.94377	-4.7732	-6.07493
3.8498	-2.07085	-3.57573
4.57809	0.887177	-3.49102
4.66395	4.73448	-5.6943
4.28678	-0.598926	0.893693
4.54628	-4.45773	5.08407
3.80035	1.31342	5.98983
-5.15613	2.88117	1.9892
-5.62224	6.21752	-5.3957
3.05174	-2.15786	0.188398
-2.72899	-2.66575	-0.148917
-2.74356	6.08183	-5.01315
0.913242	-2.36753	3.8705
5.14846	-4.3527	-4.72835
0.569027	-0.818947	-4.46387
-1.73698	4.18098	4.30939
-3.09007	-0.985305	5.92774
0.313741	-2.77461	4.83338
-0.602759	-1.01674	4.16258
-3.76164	1.39277	2.32728
1.47709	-0.603525	-2.58602
-4.72183	-0.945824	2.53619
1.18961	-2.74241	-5.79128
5.31405	-5.07908	-5.56129
-5.20404	4.62026	-2.72784
0.611192	-2.47754	-4.29022
1.57484	-5.51069	-3.86245
0.562511	-4.49185	1.93439
-3.78579	2.3867	-0.7626
5.25579	1.1509	-0.108669
-0.469366	-6.27118	4.51101
5.98217	2.3752	-0.741518
2.82367	1.3184	-1.65878
5.35775	-3.38561	4.84718
0.39692	3.60371	6.12399
5.38765	2.03481	0.742285
-5.40375	-1.58826	-3.95483
-3.29131	3.99201	4.70075
2.42771	-0.250878	4.23388
3.16329	3.92531	-4.24231
4.89624	-0.689387	-4.60722
-2.85319	-1.31802	-4.78738
-6.03353	-2.65386	3.17939
2.91107	-6.06305	2.72401
-2.29432	-3.98817	3.83638
-4.32089	-1.31227	-1.73851
-5.39646	4.35769	-0.705487
4.86366	-5.37423	3.71909
2.55727	1.31764	4.88666
-4.85638	-5.76253	4.02727
4.1231	-4.40599	5.21822
3.61521	0.1447	5.01545
-2.69565	-5.59349	4.16718
-5.05915	5.87867	3.96211
5.63757	3.77084	2.78726
-0.872228	-0.190698	-2.15862
2.28243	2.43346	-2.02791
5.28722	-1.75231	5.04382
-0.243978	2.954	2.32537
2.55804	-3.51593	1.89069
1.59286	-3.30626	-4.96715
2.3246	-1.53689	-2.55229
2.66536	-5.43748	3.04331
-0.380054	-4.93342	3.56423
4.34274	4.10547	2.39589
3.45882	-4.37839	4.76055
-2.46949	-3.55082	-5.31942
3.76049	5.42291	-3.41474
-0.264677	-0.504631	5.63374
-3.58531	-4.54589	0.478949
-1.82859	6.09524	-3.93834
-1.4288	-2.64313	-0.226729
5.79703	4.57004	5.01162
1.86807	-4.9637	-4.23963
0.904426	2.6945	-5.623
2.19887	2.70446	-4.14917
3.32083	-3.26256	-0.327541
3.13799	0.404586	-5.76368
-3.93259	-3.64319	-5.61074
2.93828	0.684404	5.20098
5.05455	3.41512	-5.9768
-2.31808	2.68606	5.82616
3.51172	0.801315	3.68382
-1.23177	-4.88743	-0.202581
1.4679	-2.44343	-6.25662
4.35692	-2.07545	3.75857
2.14368	0.575927	-0.108669
3.05443	-5.01085	-3.16559
-4.55164	-4.84986	2.79991
4.86596	3.8843	4.1783
-5.88174	2.69335	-5.11856
-2.02102	5.6046	-0.409569
5.42445	-4.46195	1.44988
5.03845	-4.27068	1.82629
-1.59209	5.07793	3.21082
-0.633041	5.44668	-0.543345
-1.94167	2.0329	4.53554
5.95725	2.75506	3.96863
0.827763	-3.16865	4.70842
0.938541	3.49485	-4.44892
-5.74528	2.32383	4.2105
-4.7709	-0.826613	-3.45729
-5.64178	-1.44221	-2.63968
-0.653356	1.45486	-5.36657
-4.37685	-4.58078	-3.11691
-0.395004	-5.58467	-3.21848
-1.30422	-6.01091	4.29636
6.18609	5.77019	-2.00492
0.258161	-5.13045	-1.00102
-4.75557	6.19797	1.15703
4.4608	-0.200664	5.44131
-2.87274	1.87536	0.833896
6.18341	-5.47274	0.239762
5.72266	-4.75403	-4.53478
-5.24314	-0.761067	-3.24647
5.81619	-2.14674	-1.76841
-5.0051	2.43423	-2.5887
-4.33852	-2.43154	-0.818947
2.0812	-0.953873	-3.10579
-1.32569	-0.279243	-1.88226
-4.98594	3.49064	-5.20519
3.12879	5.65367	-3.10617
1.57944	-1.93515	3.28403
2.0145	0.377371	-2.33878
2.96626	-5.82424	1.18386
5.6483	-2.2395	5.27917
0.584743	1.42075	6.28
4.56391	-4.82533	-1.16355
1.6492	0.219063	-2.683
0.639557	5.80124	2.81831
-0.171916	-5.70886	0.627291
-6.23975	5.64945	-5.52181
3.34038	-5.59924	4.39985
-3.90155	5.53637	-4.16105
-2.15211	-3.4431	2.42924
0.611192	-1.21951	0.58091
4.71187	2.19427	1.34447
2.96971	-3.12917	-1.6722
2.88423	-0.664855	-1.76075
-3.49868	-2.67686	3.34536
-3.46879	-1.57944	-2.73206
1.3414	-4.82993	-1.87536
-2.30428	5.15766	-2.19772
-5.96798	4.80156	-2.77921
1.83856	-4.33047	-5.69085
-2.9563	-0.0645882	0.962689
-2.57375	-2.08618	3.99469
-5.6828	3.04714	-5.00319
-3.01303	3.02031	-3.40861
2.61323	0.887943	-1.13173
-4.76477	1.52693	-3.85862
-5.35047	-2.45339	-2.20577
3.25221	4.60684	1.34945
-3.60141	-0.121318	4.63444
-1.3713	3.2388	4.02229
0.413786	4.23388	-5.5862
2.42656	0.816264	2.44419
-4.77243	-4.36957	-1.12138
1.43455	0.950423	4.48955
3.95329	3.23458	3.00651
1.78528	-2.10611	5.09135
5.51491	-2.35143	-5.80201
-6.11479	0.741135	-5.64983
-0.132818	4.40714	-1.55222
2.32728	1.30384	-5.90129
0.792499	3.75205	0.137418
-6.08834	-2.07583	-3.46035
-0.551395	-1.0221	2.13831
-5.2899	-0.897143	5.16379
4.55663	-5.0028	5.55401
1.14515	-6.15236	1.56334
0.69782	4.91541	1.77378
0.544112	3.23573	2.885
-0.64684	-4.5137	0.745734
-5.10208	-6.12361	3.1583
2.21804	5.46661	2.92563
-5.41448	-3.15179	3.91918
4.76592	-0.365872	5.19829
3.2181	1.08535	4.54628
4.87516	1.05545	5.57624
1.81671	6.24819	-1.78298
-5.00817	2.78342	-2.27937
0.0454225	1.33719	3.5121
1.60589	-0.907876	-6.07109
3.98702	-5.11665	-6.27195
-1.33795	0.545645	3.70529
-3.31124	4.51715	-4.04146
-0.26966	-1.3943	-3.59873
-0.153517	-1.05967	1.27202
1.35367	4.355	-2.35795
-3.27138	-0.561744	6.17114
0.801315	-4.78853	2.67265
4.36919	0.961156	-3.91918
6.01436	1.40925	1.21989
4.72452	0.227113	-4.95757
-5.09825	0.532229	-4.33737
4.62601	-1.23752	-0.723119
-2.6577	-5.58735	-2.53082
-3.52475	4.02497	6.17766
-5.0948	1.0934	-1.64805
-3.25988	4.70689	1.78144
2.06318	-0.94774	3.59681
3.5282	0.135501	-0.803615
4.32856	1.54111	3.95406
-4.02497	5.55209	-0.473199
3.70759	-3.54583	-1.67373
6.16539	1.17428	-6.07378
-5.46929	1.83779	3.35533
6.22519	-5.25771	0.627674
4.31131	-5.11511	-3.84558
1.0842	-2.29508	-0.0806873
-1.58634	3.04331	3.45384
4.24998	-5.67743	-2.94671
4.2013	-3.02184	2.02063
0.801698	-4.67277	3.2963
-5.54979	4.3849	-0.890243
0.27541	2.49786	0.108286
3.8866	1.62314	0.63534
4.43473	-1.98498	0.328307
2.19964	-1.7113	5.85912
4.22085	-2.45837	-5.89937
0.184182	0.0933366	2.84782
-1.66837	-3.81147	-1.93132
0.336357	1.45448	3.06324
-3.14412	-3.12534	-4.57848
5.23241	-4.94301	1.85734
1.08382	-0.83313	-3.43735
0.431035	3.03028	-4.87056
-1.0819	0.577844	-3.94409
-2.27745	2.05283	-0.191081
-2.12489	-5.36465	-1.44106
0.550245	6.13587	2.79186
-1.64499	-6.00133	3.87126
-1.7113	-0.725419	-4.74368
4.77397	0.380054	-1.56027
1.19038	6.11671	3.68344
4.57388	1.99993	-3.61598
2.53465	-1.23714	4.11735
-5.11243	3.00115	-3.70299
-3.97936	-6.15542	-1.56066
2.42733	5.26307	0.347089
1.32569	3.89388	4.59764
2.34913	-0.902509	1.43876
-5.6598	3.2986	-4.5229
-0.555228	0.0826038	0.818564
-2.33341	1.13786	4.31437
-2.11263	-3.55925	-4.12272
0.293042	2.85434	2.76617
1.84776	-0.500414	5.09978
-1.41653	2.18162	-5.50494
2.67341	2.21957	-2.06165
5.73915	1.20149	-4.41557
-0.185715	6.0067	2.87734
4.38107	-4.49415	2.03673
-3.48105	-5.963	-4.4217
-2.81102	4.03379	-1.19114
-1.50546	4.88359	-2.75927
-1.19498	-0.65144	4.30747
-0.806298	1.23062	2.58103
-3.97706	4.02996	1.53689
-0.601992	-4.17485	-1.36977
0.170382	-0.211014	5.3934
-6.01935	3.30588	-5.32632
-5.76598	4.516	5.86871
-6.21982	-1.1141	5.65942
1.13556	3.56768	0.995271
-3.12457	-0.865328	3.84673
5.88289	-4.43895	3.00038
-1.75768	2.16169	3.03948
-4.65361	1.92557	5.07065
3.34766	3.95904	2.31348
-3.98089	-4.061	2.62972
5.77671	0.754934	0.541429
-6.00363	-0.272344	3.59451
3.02989	1.27892	5.12125
-4.8146	4.3504	-3.2641
-4.4884	-6.04158	5.06375
4.43627	-5.93004	-4.03072
-4.78163	-3.96671	-2.26863
-2.0329	-1.54609	-3.70874
-0.0139909	2.29087	-0.0159075
-0.513447	-6.16539	2.01872
-5.41486	-4.80961	4.52941
3.94984	0.943524	-3.14182
-3.59298	-3.56576	-0.300325
0.306842	2.07736	-5.86717
-2.33993	-0.64684	5.0695
0.512297	-0.457867	-0.937391
-2.47601	0.667539	2.33916
0.0316233	2.46259	-3.25106
-0.0228071	-5.21822	1.46023
-5.3911	3.90231	2.69565
-4.46732	-0.909026	-3.53318
1.74426	-2.75966	-1.27816
-3.2457	4.31782	-6.07608
6.01206	1.16853	-0.0442726
-3.52552	-4.85484	-4.516
-1.51198	-0.185332	-3.86321
-5.80009	-1.79448	4.66395
3.5673	5.27687	-0.373538
-0.483549	3.45269	4.34734
5.59885	4.27719	-0.478949
2.00032	-0.376605	-5.01047
-1.61854	-0.583977	-5.33897
-4.71034	-2.08579	5.34702
-1.82553	-1.76305	-3.56461
-3.60525	-2.48137	4.23618
-0.839263	4.41173	5.44285
0.954256	-2.9862	5.73186
2.14061	3.64588	4.85676
0.243212	1.55337	3.74669
5.94728	-2.90187	-1.84009
5.20481	-3.73366	-4.72337
3.31124	-1.58212	-5.19944
5.72228	2.48099	-4.58768
-1.32607	-0.641473	-1.03667
4.16948	4.11582	-5.26039
-1.73123	4.99322	2.00262
-0.903276	-3.08164	-1.23676
-3.69762	-0.903659	2.38095
1.41845	4.25994	5.62914
2.19351	-2.31962	-2.41698
1.60972	3.11614	3.93604
4.80271	-1.29962	-5.34088
2.30198	0.234396	4.54513
-1.67297	2.84897	0.796332
-3.42969	0.605825	-0.755701
5.09901	2.98926	4.51025
1.4495	2.90877	6.0366
-4.10623	6.12399	-1.21069
-4.1944	-3.34881	-0.0504056
0.207947	3.54698	-0.473199
6.20372	3.68037	-1.88494
5.32785	2.9747	-2.81332
2.51395	1.66262	-1.44605
-3.63629	-2.46834	5.47044
-5.66402	-5.0097	0.4525
-2.86852	-4.74522	4.07404
-1.91369	3.4592	1.86462
0.161183	-2.62358	2.93215
-0.4525	5.5839	-0.841946
4.91272	-6.24205	-5.13083
-1.17734	-1.13825	-0.21638
-5.56934	-5.89515	3.68996
-2.98926	-1.38625	-4.39564
-0.684404	5.19024	-0.219446
-3.91075	-3.34536	5.9538
-0.00249153	-6.02893	-0.574777
-4.01424	1.93439	-1.43915
-5.16456	0.822014	-2.90608
1.7021	0.166166	2.65348
-2.36293	3.21388	-3.27905
-0.797865	4.68504	-3.86398
3.67501	-4.05334	5.19446
-0.480866	-3.4592	5.43633
5.77939	5.28147	-5.71615
-2.60327	2.06778	0.556761
-2.81792	-1.24136	-6.23899
-0.103686	-1.36248	4.54206
0.354372	6.27732	3.27061
-2.17281	-1.26052	1.31994
4.00236	-4.53593	-5.51836
-1.99648	3.34306	-1.42496
-2.54884	4.57924	4.34772
3.94333	1.04433	-4.89663
3.07436	-6.0021	-5.95303
-5.03232	0.155817	3.08701
-2.25407	-1.934	5.15689
-4.72337	-3.09544	3.34076
4.36382	4.27643	2.3246
-4.12118	-5.68663	-1.6584
0.324091	-2.05743	3.90155
0.580143	3.83677	-5.36887
0.58781	2.48252	4.08285
5.46968	2.47141	0.356289
-1.6216	-0.685554	-2.39896
-0.735385	-4.48801	-0.292276
-5.5793	-4.04797	-1.24097
-1.69635	-2.22992	5.96952
1.12828	3.10962	4.01194
-4.62792	0.846929	-3.00038
-2.04248	-2.48444	-0.0810706
-2.67686	0.94314	-3.97361
-5.56282	1.81556	-2.8758
-0.866861	-2.35833	-5.32172
-4.59802	0.747651	-2.0513
-1.05392	5.41716	-1.35865
-2.48176	-1.49741	1.54801
-3.41819	-4.76477	0.266594
4.39717	3.61713	-3.73749
4.17101	-4.1484	-5.30447
2.59943	-3.26678	-5.50188
-6.03506	3.55388	2.25024
0.885643	-3.85172	-1.03322
-5.64293	-0.715836	-5.8963
5.18718	5.70196	-1.14246
3.88851	-5.86257	-6.09524
6.20104	-2.73014	-2.53542
-1.90449	1.27662	2.20041
-0.289976	-1.79908	3.46265
-2.85395	2.69143	0.484315
0.788665	6.21905	-2.77499
-0.0810706	5.3497	3.81338
-2.53082	3.92953	6.17076
1.17236	1.45295	1.83204
0.94429	3.91688	-5.96492
0.549862	5.3083	-1.61049
4.4723	-0.591259	4.25611
4.81843	4.93381	0.437551
0.65029	-4.7134	3.75895
4.55586	-1.98383	0.210247
3.5167	3.10464	1.61355
1.11716	-0.358206	1.40503
1.84929	1.84737	4.69079
-6.10176	-5.37155	-0.618091
3.70644	-0.655273	-4.52635
3.58225	-1.94014	3.62594
-1.47556	-4.44777	-3.00421
2.38363	-5.44285	-1.39545
0.800165	-0.854212	-0.447517
3.45499	-4.10623	-5.28914
-0.239379	-2.78726	0.650673
-2.19351	5.78093	-4.20206
-0.501564	-0.297642	3.53702
4.89088	-5.30102	-1.26397
-5.16188	3.91075	-4.58193
0.803231	0.411103	2.47256
3.86628	-0.073021	1.18884
5.02389	-5.49536	6.0642
-4.22851	-6.14469	1.06465
-3.51862	2.16936	5.60039
1.40043	-2.91912	-0.467833
5.6506	5.49689	-2.40893
-2.45416	-0.33674	-0.0837538
5.04535	-6.27425	0.559445
-2.34146	-3.72024	3.24187
-1.1624	-4.0541	5.7127
4.02306	-3.8981	0.446751
5.64217	3.83063	2.90225
1.35788	-4.40637	-0.259694
0.636107	1.28391	-2.6807
-2.54999	-4.79965	-5.77364
4.28754	-0.603909	3.23803
4.29521	3.64894	1.92289
-0.157733	-2.49939	-1.60244
-0.453267	-5.70695	4.44547
2.89995	5.25387	-0.929341
-5.83076	2.20692	-1.82476
-3.5282	2.42234	-5.65903
1.61317	-5.94843	3.46649
-2.98313	1.38778	5.07142
-5.59157	-1.44566	4.76132
-3.11614	-4.52711	0.439851
-0.435251	-4.1622	-1.90295
-2.13179	-4.75058	-0.20603
5.79741	4.81	-5.10706
2.0651	-6.12246	-0.0814539
-0.742668	-5.53216	-2.76617
5.4095	-5.20787	-0.811281
-5.25694	1.06887	0.0354564
-5.83306	1.52386	5.83881
1.91484	1.32147	-2.70599
3.36414	3.51248	1.40388
3.92378	-4.1875	-5.52756
-4.51101	5.14041	-5.52104
-1.68102	0.851912	1.52041
3.35034	1.77416	5.79166
2.63776	1.85811	-3.14067
4.04146	-2.21842	4.17983
-5.87369	1.02095	-4.93879
-4.38299	-1.97042	1.3253
4.76247	3.59643	-0.219063
5.47581	3.31891	-3.44962
-5.51146	5.36197	4.95029
-3.24685	1.16431	1.7481
-3.72062	-2.44266	-2.24449
3.68152	-6.00287	0.111352
-4.5321	4.39257	3.60218
1.65074	-2.41813	-2.46374
-0.684404	6.211	1.03667
6.07761	1.32492	-4.90008
-1.65802	2.48099	-1.52501
4.96447	-2.21459	2.47946
3.04944	-3.68574	4.20015
-6.18801	-1.64575	-3.28556
-6.19605	2.04708	3.71602
-0.167699	-2.58563	2.15977
0.524946	3.64549	-2.16399
1.30192	4.34236	-3.50942
-5.03768	-1.11985	-2.20654
6.0573	5.42943	-5.306
-0.125535	6.0642	4.89394
-3.79192	2.40433	5.55899
3.33999	-1.62122	2.54309
-2.16744	-3.04484	-6.17919
-2.20999	-2.53389	3.91305
-1.72663	-4.447	-2.3591
-0.667155	6.01015	-1.73736
-3.26218	6.27923	-3.70644
-2.72708	5.53177	-2.98888
2.52239	5.25771	-4.46923
4.62064	1.79946	-1.31649
-0.882194	3.98817	-2.81869
-5.30409	3.42701	-3.05174
-5.47389	-1.21069	-1.55989
-6.02395	2.86085	0.460933
3.58148	-0.171916	4.8077
5.64792	-1.55146	2.73014
0.0404395	1.65763	-6.04733
5.41525	-2.29432	5.40183
-3.87203	2.71059	0.756084
4.355	-3.43352	1.82898
4.54704	4.59458	3.17057
0.0477224	-5.50494	5.91854
-4.64364	3.12151	-2.36025
-3.1284	0.254328	5.69737
-0.987221	-3.24761	0.869928
-3.58493	4.65667	-6.2363
2.70906	-1.27432	1.90564
2.35296	2.31923	5.91662
-0.0327732	-1.66108	-1.6216
5.55631	3.06976	-4.42132
-2.11991	2.33495	-3.31776
-0.680188	-5.02887	-4.17638
-1.25017	-2.69105	5.38688
2.69986	0.238995	-5.65597
0.190698	2.80144	3.15524
0.590876	-5.48731	-4.79466
2.04785	2.45991	-4.88014
1.9156	3.90576	4.03149
-3.07512	-6.16309	-3.65738
-0.205264	0.410336	-3.19318
5.53024	4.5045	3.57726
4.89356	5.50494	5.82232
-1.91944	3.64243	-2.47294
3.37181	2.17817	-1.66492
-0.109436	-5.32325	-2.58908
3.22692	-4.98862	0.631891
5.97143	1.70708	6.17651
4.02037	3.06286	1.02594
1.83856	-4.27949	5.40106
-6.22902	1.41691	-0.652206
-4.15952	5.0281	5.67858
-3.53932	-1.87229	0.285376
-4.17983	3.61253	-2.6278
-1.95049	-0.905576	4.55471
-2.62435	-3.66121	-5.38535
4.50603	1.32492	0.204497
5.09403	-4.16603	5.51261
-4.96294	3.8659	6.12054
-3.52053	1.72471	1.57292
-5.76521	-3.65393	2.08809
2.09921	5.02618	-2.93943
-3.05749	-1.93937	-5.82577
-1.61509	3.01571	-2.46029
-6.05998	-6.2271	-1.19383
2.34721	-0.64684	5.87752
1.46905	-4.18251	-0.707786
-3.40707	-5.35468	3.00115
-5.79933	-6.0527	0.464766
1.52884	-4.54321	-5.80738
-0.0630549	0.968822	0.135884
0.320258	-1.46253	2.3476
-1.00485	0.406503	-2.40126
-0.411486	-5.39416	2.28128
0.83543	5.46853	-2.75314
3.09314	-4.98019	0.39002
2.16399	-3.65508	0.436401
-2.45722	4.63636	-5.44246
-3.02414	-5.77058	5.31904
-5.0649	-2.18584	-3.13339
-3.62019	3.82297	-2.37405
-2.73359	2.05743	-2.47332
-0.897143	3.8521	-1.11295
1.26972	5.01584	0.224813
2.44918	0.03009	-1.89836
3.07091	-3.5696	0.878744
1.32875	0.139717	3.36606
-0.221746	3.8728	-5.27955
0.0262569	-1.28007	-0.52533
5.05417	1.15895	3.64204
1.25247	-1.30307	2.12719
-0.220596	-0.0734043	-5.32325
-1.23254	-4.23771	-3.61215
5.84916	-2.5657	3.24838
2.92908	5.10055	2.26748
-2.79071	-2.8896	-0.535679
5.4003	-0.987221	-2.17434
-4.61297	-3.07627	-4.58154
-0.0550053	-2.0283	5.1247
1.84737	-0.1447	-4.39372
0.137034	4.7272	3.52782
-1.89491	1.05315	-3.75129
4.92997	-3.82795	-1.88992
0.586276	1.48208	-4.58959
4.46885	2.55497	-3.5788
-3.26678	0.156966	3.67922
-2.84054	-6.15734	2.79224
3.15677	4.80271	-5.22857
2.09116	-3.05519	1.70938
-4.74943	-1.24519	-2.35296
5.30255	5.47389	-5.63948
-3.58186	1.53421	2.82367
-4.04797	1.39392	5.75678
0.0285568	-3.30818	-3.40669
-4.00159	4.7203	3.72791
3.86935	-5.87254	0.969206
0.858045	5.93195	-1.06388
5.90359	0.335207	5.85491
-1.1509	-0.845012	3.87663
1.13135	-0.82853	-3.47569
3.42816	-0.124385	-1.61585
4.84526	6.11901	1.21031
0.34479	-0.445984	4.74905
-2.90532	2.9379	3.38407
2.82904	0.00632466	0.814347
3.4799	5.50839	-3.35571
-0.374688	0.298792	-4.03226
-6.1949	-3.37027	1.90794
0.806298	2.91758	-2.33111
4.33047	3.92148	0.470516
-2.75199	5.82194	-1.59899
-3.38637	-0.909026	-0.688621
4.19861	0.0906534	2.75353
-0.161183	2.19006	-3.21043
-4.1507	6.15121	2.0283
1.19689	6.14507	4.12578
-3.62671	-0.427585	-1.44758
-3.16789	-4.09359	-4.92154
-2.59828	-0.715836	0.872228
3.36453	0.403053	-1.67527
3.57266	4.39832	2.57452
-5.1063	4.03264	-4.00121
0.58666	1.12406	2.93752
-4.06254	-1.61585	-2.99578
-0.915542	4.68465	-3.35533
-0.899443	-6.27962	4.13843
-4.45083	2.55229	-0.158883
-1.37437	5.0304	2.89803
-2.6922	-3.66696	-4.15108
3.15639	1.60359	-1.42151
-2.76234	2.76732	0.151983
-2.74394	3.17517	-4.15262
5.26997	-4.64977	0.0515555
-1.7481	4.49798	4.56161
1.54111	3.10387	-1.90755
1.56602	-1.22143	3.15447
-4.73908	-2.08043	4.20935
-6.07224	3.06286	1.30537
5.92352	2.54769	-5.83267
-2.56455	-1.72203	1.57331
5.74796	5.95648	-1.19498
5.78898	-3.04216	-2.35488
3.88008	4.74982	2.18469
2.76502	1.6653	-1.69137
-5.85222	5.48118	-1.53536
-3.65661	1.04242	-2.01105
-5.56627	2.40356	-4.05142
2.87925	0.692837	4.1001
0.788282	4.97942	4.95144
0.146234	-5.32594	1.86079
3.91995	-0.969972	-6.15427
-0.217913	3.00728	-5.44476
-3.56883	-4.03226	5.41486
5.02427	3.90116	-1.83434
-2.00798	-3.65508	-4.02689
1.38318	-3.74592	-0.141251
-2.19236	5.72458	0.00134159
-3.58838	-4.92844	-3.03066
-4.89088	-5.29795	-2.85932
-3.38216	-1.43761	4.53018
-0.617325	3.93834	-3.57573
0.339807	5.74605	-2.87963
-4.33699	-2.41506	3.92224
-6.21522	-3.60295	-1.67795
4.35347	-3.49485	3.27751
4.57158	3.03296	-4.68772
0.330607	4.83606	2.76656
4.74483	4.1208	-1.90027
4.54781	5.42675	-2.62435
-4.63866	-4.29367	-2.28052
-4.42247	-1.83856	-4.25918
2.05705	-3.98971	4.9775
3.81607	4.28064	-2.61438
1.88801	3.27905	1.62812
4.04682	4.08055	0.679805
-4.53401	-4.69692	5.44361
-2.61093	-1.93822	5.50533
-3.53395	-6.10444	-3.86628
2.40318	-0.790582	-5.84877
3.61176	-4.33507	5.87216
1.79601	2.85779	-0.299559
-5.23164	-2.88577	-0.441768
5.33437	-5.73915	-4.54666
4.56774	-0.347089	-4.37877
-2.42771	1.11793	2.0145
3.18667	1.02517	-5.74796
5.22474	-1.15856	-6.2662
5.33743	0.286909	3.96939
4.95489	4.787	3.53932
-5.71691	3.06669	2.52814
3.41397	2.46604	4.36344
-0.102536	1.89567	-4.64326
4.06752	0.611958	-2.35296
-2.92372	-0.174599	1.10298
-1.6032	0.439851	-5.66172
6.16424	-5.71768	-5.72573
-4.83875	-2.17664	2.54615
5.81274	-3.70644	5.71346
3.5857	-0.938157	0.523413
1.71551	1.48859	-4.13537
-1.66492	2.73244	-1.79984
-5.05838	-4.27949	-1.83243
-2.31425	3.67807	4.66587
-1.12215	6.15657	3.32849
-0.594326	2.28473	-2.19542
-4.85523	0.281543	2.37635
5.89477	-0.598542	2.03443
3.65508	-3.61751	-0.58666
5.60959	-5.35967	3.00229
3.16559	-3.72982	-5.81696
1.46023	3.39212	3.4592
-1.3736	-1.14668	4.67392
4.28141	-1.90755	0.244745
-5.69583	4.27183	1.77723
1.64805	-2.45952	5.69851
-4.26761	6.032	4.65437
0.743435	1.03705	-1.31879
-1.28199	4.74292	6.15542
-2.58717	-3.69762	-3.53242
-2.36523	0.316424	-0.829297
3.9211	-2.17319	3.21388
-4.57158	-4.70075	-1.59132
2.90263	-4.27796	3.94716
1.48821	-4.50641	6.08259
-2.24947	-2.13716	-1.53421
-0.338657	2.69756	4.26186
2.2533	-4.41442	5.89439
-3.1491	-3.03028	-3.59796
5.54097	2.03136	0.582827
-3.06248	4.36229	5.60499
4.44048	4.03609	-2.94288
3.65546	2.05935	-4.93381
-3.52782	-2.87312	1.41231
-0.937774	-3.06171	-3.51708
-3.79307	3.05634	4.90084
1.47901	4.61681	-2.35296
